ISS                     
1 25544U 98067A   26182.50817465  .00006185  00000+0  11827-3 0  9996
2 25544  51.6311 229.1989 0004224 255.0896 104.9625 15.49503254573972
Tiangong                
1 48274U 21035A   26182.56300301  .00020395  00000+0  23513-3 0  9998
2 48274  41.4674 234.4763 0008815 193.7745 166.2854 15.61414266295419
Hubble                  
1 20580U 90037B   26182.61595811  .00007591  00000+0  23920-3 0  9999
2 20580  28.4735 341.9512 0001541 322.8743  37.1747 15.30918365790782
Fermi                   
1 33053U 08029A   26182.17522149  .00003318  00000+0  11946-3 0  9991
2 33053  25.5819 107.3482 0008450 129.6925 230.4359 15.24008432997978
Terra                   
1 25994U 99068A   26182.62327258  .00000442  00000+0  98958-4 0  9997
2 25994  97.9449 231.5967 0002677 150.7204  10.5658 14.61114647411711
Aqua                    
1 27424U 02022A   26182.62898296  .00000805  00000+0  16972-3 0  9994
2 27424  98.4284 152.2010 0000701  78.5031 336.3355 14.62179869285386
Aura                    
1 28376U 04026A   26182.57040569  .00000798  00000+0  17128-3 0  9998
2 28376  98.3423 139.1434 0001177  85.7827 274.3508 14.61350548168310
Suomi NPP               
1 37849U 11061A   26182.57871519  .00000076  00000+0  57178-4 0  9996
2 37849  98.7955 123.3566 0000740 316.6656  43.4462 14.19520260760484
NOAA-20                 
1 43013U 17073A   26182.59200249  .00000068  00000+0  53440-4 0  9992
2 43013  98.7773 121.9267 0000836 133.0369 227.0877 14.19514335446513
NOAA-21                 
1 54234U 22150A   26182.62451974  .00000052  00000+0  45119-4 0  9995
2 54234  98.7060 121.1712 0002409 128.7762 231.3629 14.19539033188598
GOES-16                 
1 41866U 16071A   26182.55968206 -.00000081  00000+0  00000+0 0  9998
2 41866   0.3750  85.5261 0000586  26.6929 264.1891  1.00272069 35244
GOES-18                 
1 51850U 22021A   26182.57159799  .00000107  00000+0  00000+0 0  9993
2 51850   0.0072 256.6923 0000573 234.7791 216.9233  1.00271770  6738
Landsat 8               
1 39084U 13008A   26182.51412956  .00000338  00000+0  85161-4 0  9996
2 39084  98.2298 252.4789 0001353  93.2834 266.8520 14.57103983699983
Landsat 9               
1 49260U 21088A   26182.61721957  .00000362  00000+0  90348-4 0  9995
2 49260  98.2276 252.6198 0001207  87.2680 272.8657 14.57107080253102
Sentinel-1A             
1 39634U 14016A   26182.63034103  .00000046  00000+0  19406-4 0  9999
2 39634  98.1773 189.9520 0001373  85.0702 275.0655 14.59199679652128
Sentinel-2A             
1 40697U 15028A   26182.62028891  .00000306  00000+0  13335-3 0  9993
2 40697  98.5688 257.2671 0001209  93.9892 266.1429 14.30819879575797
Sentinel-2B             
1 42063U 17013A   26182.54314294  .00000328  00000+0  14188-3 0  9995
2 42063  98.5695 257.1152 0001224  89.2304 270.9019 14.30821436486690
Sentinel-3A             
1 41335U 16011A   26182.59319605  .00000112  00000+0  64325-4 0  9999
2 41335  98.6244 249.7696 0001434  95.1445 264.9899 14.26736563540115
Sentinel-6              
1 46984U 20086A   26182.13915216 -.00000055  00000+0  24151-4 0  9991
2 46984  66.0412 106.0749 0007834 269.9806  90.0312 12.80929949262111
Jason-3                 
1 41240U 16002A   26182.60469828 -.00000032  00000+0  12075-3 0  9995
2 41240  66.0417  95.5252 0008330 271.9740  88.0324 12.87623241489102
SWOT                    
1 54754U 22173A   26182.56492127  .00000101  00000+0  70040-4 0  9991
2 54754  77.6101  15.8997 0000319  88.0114 272.1074 14.00171281181168
ICESat-2                
1 43613U 18070A   26182.56035774  .00010820  00000+0  39259-3 0  9990
2 43613  92.0094 294.8624 0006171  87.4148 272.7808 15.28281302434653
GRACE-FO 1              
1 43476U 18047A   26182.60240976  .00004235  00000+0  11089-3 0  9992
2 43476  88.9909 195.9713 0013369  62.7543 297.5072 15.38358452452011
OCO-2                   
1 40059U 14035A   26182.57603796  .00000424  00000+0  10412-3 0  9993
2 40059  98.2019 123.6501 0001498  82.4971 277.6397 14.57122899638141
TanDEM-X                
1 36605U 10030A   26181.56298572  .00000420  00000+0  23208-4 0  9990
2 36605  97.4456 189.0787 0001755  96.3101 263.8334 15.19150820888673
GCOM-W1                 
1 38337U 12025A   26182.46361598  .00000523  00000+0  12606-3 0  9992
2 38337  98.2022 122.8032 0001574  68.5515  47.2023 14.57137952751111
